18 4 0
18 4 1
18 4 2
18 4 3
18 4 4
18 4 5
18 4 6
18 4 7
18 4 8
18 4 9
18 4 10
18 5 0
18 5 1
18 5 2
18 5 3
18 5 4
18 5 5
18 5 6
18 5 7
18 5 8
18 5 9
18 5 10
18 5 11
18 5 12
18 5 13
18 5 14
18 5 15
18 5 16
18 5 17
18 5 18
18 5 19
18 5 20
18 5 21
18 5 22
18 5 23
18 5 24
18 5 25
18 5 26
18 5 27
18 5 28
18 5 29
18 5 30
18 5 31
18 5 32
18 5 33
19 4 0
19 4 1
19 4 2
19 4 3
19 4 4
19 4 5
19 4 6
19 4 7
19 4 8
19 4 9
19 4 10
19 5 0
19 5 1
19 5 2
19 5 3
19 5 4
19 5 5
19 5 6
19 5 7
19 5 8
19 5 9
19 5 10
19 5 11
19 5 12
19 5 13
19 5 14
19 5 15
19 5 16
19 5 17
19 5 18
19 5 19
19 5 20
19 5 21
19 5 22
19 5 23
19 5 24
19 5 25
19 5 26
19 5 27
19 5 28
19 5 29
19 5 30
19 5 31
19 5 32
19 5 33
